Title: Homework 5 README
Name: Cole McAnelly
UIN: 630003358

----------
Problem 2
----------

To both compile and run my code, you simply execute `javac *.java ; java Main S input.txt`.
For most of the tasks, no output is produced simply because the task has me implementing backend functionality,
but the final output will look like this:
```shell
$ javac *.java ; java Main S input.txt
input.txt
s ( 4.5, 1.0 ) 10.5
c ( 43, 37.5 ) 9
s ( 6.5, 11.1 ) 25
c ( 30, 50 ) 3
c ( 50, 50 ) 4.1
s ( 30, 60 ) 12
s ( 73.5, 35 ) 16
c ( 16.5, 10.5 ) 52
s ( 16.5, 10.5 ) 52
c ( 6.5, 11.1 ) 25
s ( 26.5, 41.1 ) 15
The input file contains 11 shapes.
11 shapes have been created
Square: (4.5,1.0)	110.25 units^2
Circle: (43.0,37.5)	254.46900494077323 units^2
Square: (6.5,11.1)	625.0 units^2
Circle: (30.0,50.0)	28.274333882308138 units^2
Circle: (50.0,50.0)	52.81017250684442 units^2
Square: (30.0,60.0)	144.0 units^2
Square: (73.5,35.0)	256.0 units^2
Circle: (16.5,10.5)	8494.8665353068 units^2
Square: (16.5,10.5)	2704.0 units^2
Circle: (6.5,11.1)	1963.4954084936207 units^2
Square: (26.5,41.1)	225.0 units^2


Sorted shapes[] : {
Circle: (30.0,50.0)	28.274333882308138 units^2
Circle: (50.0,50.0)	52.81017250684442 units^2
Square: (4.5,1.0)	110.25 units^2
Square: (30.0,60.0)	144.0 units^2
Square: (26.5,41.1)	225.0 units^2
Circle: (43.0,37.5)	254.46900494077323 units^2
Square: (73.5,35.0)	256.0 units^2
Square: (6.5,11.1)	625.0 units^2
Circle: (6.5,11.1)	1963.4954084936207 units^2
Square: (16.5,10.5)	2704.0 units^2
Circle: (16.5,10.5)	8494.8665353068 units^2
}
Total Area: 14858.165455130347
```

----------
Problem 3
----------

To compile and run my code you simply run these 2 commands in the terminal `javac Cell.java CellTest.java ; java CellTest`.
The final output of the program will be:
```shell
$ javac Cell.java CellTest.java ; java CellTest
===
[ 1,22,21,12,24,17 ]
sum of intlist is 97
sum of null list is 0
===
===
[ 1.0,16.0,13.72,5.0,22.0,7.1 ]
sum ints = 97.0
sum doubles = 64.82
===
```

----------
Problem EC
-----------

(ditto)
